mae: 0.38806694746017456
mse: 0.3612452745437622
